64 runs
gamma = 0.7
alpha = 0.7
epsilon = 1.01
      65
      67
      60
      69
      67
      62
      66
      58
      58
      56
      66
      69
      60
      64
      55
      53
      65
      67
      62
      65
      60
      66
      73
      68
      63
      64
      63
      62
      64
      60
      59
      66
      60
      61
      66
      64
      68
      62
      68
      60
      56
      62
      58
      71
      72
      62
      61
      66
      61
      68
      62
      65
      53
      65
      56
      58
      60
      66
      63
      64
      66
      63
      53
      68
avg = 62.96875%
