64 runs
gamma = 0.0001
alpha = 0.0001
epsilon = 1.0001
      68
      74
      72
      77
      74
      70
      77
      71
      69
      77
      73
      70
      71
      61
      67
      73
      67
      72
      64
      71
      70
      71
      70
      76
      63
      74
      81
      71
      62
      65
      75
      71
      69
      65
      62
      73
      70
      66
      60
      65
      68
      73
      71
      61
      67
      72
      66
      71
      75
      66
      70
      65
      69
      60
      74
      72
      68
      64
      61
      60
      61
      61
      68
      73
avg = 68.953125%
