64 runs
gamma = 0.5
alpha = 0.5
epsilon = 1.1
      57
      58
      59
      64
      58
      58
      61
      65
      64
      58
      62
      68
      67
      62
      53
      66
      60
      57
      65
      49
      60
      59
      66
      67
      71
      54
      65
      56
      56
      53
      55
      59
      53
      64
      67
      58
      67
      54
      56
      72
      59
      61
      58
      67
      56
      58
      56
      60
      64
      57
      65
      65
      67
      59
      63
      67
      61
      51
      54
      60
      69
      61
      70
      59
avg = 60.78125
