64 runs
gamma = 0.2
alpha = 0.2
epsilon = 1.2
      62
      59
      62
      61
      66
      69
      75
      68
      61
      66
      58
      71
      64
      68
      58
      62
      72
      68
      76
      66
      65
      74
      69
      74
      70
      65
      61
      68
      59
      64
      68
      73
      66
      61
      65
      61
      69
      64
      72
      62
      64
      70
      71
      69
      59
      71
      67
      69
      63
      66
      61
      65
      66
      73
      60
      64
      65
      71
      66
      70
      61
      73
      64
      73
avg = 50.671875%
