64 runs
gamma = 0.1
alpha = 0.1
epsilon = 1.01
      67
      69
      73
      68
      67
      61
      77
      65
      66
      66
      72
      67
      72
      74
      71
      73
      70
      65
      75
      73
      66
      65
      77
      64
      64
      71
      63
      63
      66
      59
      62
      66
      71
      64
      76
      73
      63
      68
      74
      73
      65
      68
      67
      68
      71
      62
      64
      74
      71
      69
      71
      69
      63
      66
      63
      77
      69
      59
      67
      70
      68
      67
      57
      74
avg = 68.09375%
