
      68
      64
      70
      72
      70
      66
      73
      74
      78
      62
      70
      69
      69
      72
      76
      68
      61
      60
      75
      59
      71
      68
      74
      71
      68
      72
      70
      70
      67
      67
      68
      69
      66
      67
      72
      73
      64
      70
      65
      72
      71
      70
      64
      76
      63
      64
      75
      70
      72
      68
      66
      61
      73
      72
      73
      75
      64
      70
      67
      73
      71
      63
      76
      68
4425
