gamma = 0.01
alpha = 0.01
epsilon = 1.01
      65
      68
      70
      73
      68
      67
      65
      64
      64
      72
      70
      72
      76
      67
      63
      67
      60
      65
      67
      80
      65
      71
      64
      64
      71
      69
      72
      72
      69
      70
      65
      69
      71
      69
      77
      72
      75
      74
      71
      70
      74
      62
      72
      63
      70
      64
      64
      70
      74
      64
      77
      66
      64
      69
      61
      66
      71
      75
      72
      68
      73
      70
      72
      68
avg = 68.9375%
