64 runs
gamma = 0.1
alpha = 0.1
epsilon = 1.1
      64
      71
      74
      64
      70
      59
      68
      69
      61
      69
      67
      73
      76
      63
      66
      64
      60
      73
      63
      68
      75
      62
      53
      69
      62
      63
      63
      64
      65
      70
      69
      74
      67
      70
      68
      68
      54
      74
      69
      59
      76
      68
      54
      67
      65
      71
      64
      70
      74
      71
      75
      68
      78
      74
      68
      61
      72
      67
      75
      68
      69
      74
      71
      60
avg = 67.5%
