64 runs
gamma = 0.3
alpha = 0.3
epsilon = 2
      60
      59
      55
      52
      59
      56
      61
      56
      60
      57
      62
      51
      61
      62
      72
      59
      52
      62
      62
      66
      56
      62
      54
      60
      60
      55
      55
      60
      63
      60
      49
      60
      65
      56
      61
      64
      63
      54
      63
      62
      67
      58
      59
      59
      60
      55
      62
      62
      63
      49
      64
      52
      61
      61
      69
      76
      60
      65
      64
      60
      68
      67
      67
      56
avg = 60.15625%
