      62
      61
      62
      66
      75
      56
      64
      69
      67
      56
      58
      60
      61
      61
      52
      61
      61
      58
      65
      70
      69
      63
      67
      71
      69
      65
      68
      55
      51
      60
      62
      58
      66
      62
      58
      58
      66
      53
      68
      57
      72
      55
      59
      58
      66
      58
      69
      63
      68
      59
      67
      71
      63
      60
      59
      51
      64
      66
      53
      62
      67
      67
      63
      64
3995
