64 runs
gamma = 0.3
alpha = 0.3
epsilon = 1.3
      59
      62
      54
      57
      65
      70
      65
      64
      67
      50
      45
      59
      61
      60
      66
      66
      61
      63
      67
      67
      51
      64
      47
      51
      52
      52
      60
      71
      64
      63
      56
      63
      68
      56
      61
      59
      57
      60
      61
      58
      61
      54
      59
      47
      63
      57
      59
      47
      66
      47
      65
      57
      60
      61
      69
      63
      51
      60
      60
      60
      67
      57
      60
      64
avg = 59.625%
